1.0 0.0 0.0 0.0 0.0 1.0 0.0 0.0 0.0 0.0 1.0 0.0
0.9999985 0.0008881056 0.0014826074 -0.010623104 -0.0008811969 0.9999888 -0.0046540024 -0.004680628 -0.001486724 0.004652689 0.9999881 1.003798
0.9999967 -0.0013923608 0.0021562066 -0.01317958 0.0014040449 0.99998426 -0.0054268553 -0.006514536 -0.0021486166 0.005429865 0.99998295 2.008311
0.9999931 -0.0030203275 0.002164593 -0.018484203 0.0030235292 0.99999434 -0.0014773571 -0.008373958 -0.0021601187 0.0014838916 0.99999654 3.014991
0.999984 -0.0054408507 0.0015317508 -0.021593876 0.0054338668 0.99997497 0.0045270906 -0.01233339 -0.0015563437 -0.0045186947 0.99998856 4.011343
0.99995846 -0.0091133285 8.7262124e-05 -0.022299977 0.009112838 0.99994814 0.004544911 -0.0121171605 -0.00012867687 -0.004543927 0.9999897 4.998592
0.9999304 -0.01175826 -0.0009967758 -0.024948474 0.011759973 0.99992937 0.0017308105 -0.010921425 0.00097635406 -0.0017424121 0.99999803 5.9809904
0.99992245 -0.012322477 -0.0017928596 -0.03188961 0.0123193655 0.99992263 -0.0017363305 -0.011917238 0.0018141168 0.001714109 0.9999969 6.9491262
0.9999244 -0.012013608 -0.0026171103 -0.042397793 0.012007673 0.9999253 -0.00227161 -0.015231968 0.002644205 0.0022400129 0.999994 7.9147863
0.9999255 -0.011651953 -0.0036369474 -0.052078184 0.011650383 0.99993205 -0.00045267853 -0.017894834 0.0036419749 0.000410273 0.99999326 8.878741
0.99992406 -0.011484773 -0.004464166 -0.06250305 0.011496175 0.9999307 0.002536914 -0.020887896 0.0044347206 -0.0025880423 0.9999868 9.834135
0.9999149 -0.011828941 -0.0055040843 -0.07195055 0.011851034 0.9999218 0.0039988486 -0.021131122 0.0054563517 -0.0040637376 0.9999769 10.785106
0.999892 -0.013304653 -0.006244639 -0.08186031 0.013334706 0.99989957 0.004795982 -0.019857703 0.006180203 -0.0048787342 0.999969 11.73595
0.9998838 -0.0134645365 -0.007148547 -0.09423515 0.013498962 0.9998974 0.0047895615 -0.018969772 0.0070833242 -0.0048855026 0.999963 12.675994
0.999872 -0.013854996 -0.008000195 -0.106931336 0.013882665 0.9998978 0.0034133792 -0.018723994 0.007952086 -0.0035240063 0.99996215 13.609465
0.9998498 -0.014440002 -0.009584135 -0.12030038 0.014453856 0.99989456 0.0013778404 -0.017925596 0.009563229 -0.0015161611 0.99995315 14.533883
0.9998126 -0.015811048 -0.011171496 -0.13526785 0.015812641 0.99987495 5.418429e-05 -0.017948393 0.011169243 -0.00023082498 0.9999376 15.456174
0.99979824 -0.015461551 -0.012822017 -0.1545928 0.015455291 0.9998804 -0.0005872224 -0.020708373 0.012829563 0.0003889359 0.9999176 16.378952
0.99979424 -0.014236033 -0.014449968 -0.17540021 0.01421575 0.99989784 -0.0015054363 -0.022898536 0.0144699225 0.0012997093 0.99989444 17.297758
0.99978656 -0.012899048 -0.016137147 -0.19856387 0.012876554 0.99991596 -0.001497001 -0.026394188 0.016155101 0.0012888907 0.9998687 18.21042
0.99975526 -0.013346613 -0.017644582 -0.22169767 0.013336601 0.99991083 -0.00068500283 -0.0290584 0.01765215 0.00044951643 0.9998441 19.117962
0.9997351 -0.012859735 -0.019086955 -0.24623959 0.012873643 0.999917 0.00060599786 -0.03206213 0.019077577 -0.000851556 0.99981767 20.018883
0.99970955 -0.012683472 -0.020493282 -0.27182204 0.0127113005 0.99991846 0.0012282648 -0.03513039 0.020476032 -0.0014884042 0.99978924 20.9158
0.9996627 -0.013808114 -0.021994956 -0.2971251 0.013834029 0.9999038 0.0010265145 -0.036538154 0.021978665 -0.001330447 0.9997575 21.802267
0.99962425 -0.013907751 -0.02361962 -0.3249928 0.013924714 0.9999029 0.0005538725 -0.038340654 0.023609623 -0.00088256085 0.9997209 22.681452
0.9995984 -0.013905034 -0.024693534 -0.3536976 0.013929885 0.9999026 0.0008346307 -0.038660392 0.024679523 -0.0011782736 0.9996947 23.547274
0.9995737 -0.013767342 -0.025746774 -0.3828296 0.013841733 0.9999005 0.002713354 -0.038635664 0.025706857 -0.0030685773 0.99966484 24.405027
0.99953884 -0.014847652 -0.026487948 -0.41107413 0.014995659 0.999873 0.0053978325 -0.038654573 0.026404439 -0.0057925475 0.99963456 25.255003
0.9995214 -0.0147510385 -0.027192306 -0.43951827 0.014943962 0.99986446 0.006905256 -0.038316935 0.02708676 -0.0073083118 0.9996064 26.092768
0.99951327 -0.014130696 -0.027813151 -0.47016433 0.014296071 0.99988127 0.0057560797 -0.0385638 0.027728511 -0.0061508967 0.9995966 26.910482
0.9995088 -0.012716295 -0.028644092 -0.5018346 0.012810564 0.9999131 0.0031099315 -0.038177013 0.028602058 -0.0034753508 0.99958485 27.7186
0.99949425 -0.012188491 -0.029371172 -0.5326568 0.012234054 0.99992424 0.0013720529 -0.037760567 0.029352224 -0.0017306876 0.9995676 28.511896
0.99947584 -0.011394743 -0.030302245 -0.5635839 0.011428418 0.99993426 0.0009383406 -0.038656585 0.03028956 -0.0012841554 0.9995403 29.28947
0.99943167 -0.011791182 -0.031580955 -0.5927745 0.011809754 0.9999302 0.00040162934 -0.041428927 0.031574015 -0.0007743644 0.9995011 30.056953
0.999372 -0.011441595 -0.033536598 -0.6255593 0.011433675 0.99993455 -0.0004279344 -0.045351923 0.0335393 4.4219058e-05 0.9994374 30.818974
0.9993038 -0.011393793 -0.035526168 -0.6580081 0.011382068 0.9999351 -0.0005322817 -0.04745732 0.035529923 0.0001275499 0.9993686 31.563063
0.9992339 -0.011334644 -0.037458446 -0.69268674 0.011361588 0.9999353 0.00050649303 -0.04757449 0.03745028 -0.0009316924 0.99929804 32.29935
0.99915177 -0.011744096 -0.039468728 -0.7272279 0.011865231 0.99992555 0.0028362798 -0.04949533 0.03943248 -0.0033021795 0.9992168 33.03186
0.99908507 -0.010722063 -0.041401647 -0.76424557 0.010912933 0.99993086 0.0043869554 -0.05206016 0.041351743 -0.004834755 0.99913293 33.74344
0.9990184 -0.009525119 -0.043261994 -0.8029943 0.009735492 0.99994177 0.0046546743 -0.05356027 0.043215137 -0.005071282 0.99905294 34.441845
0.99895763 -0.0071062986 -0.04509072 -0.84358186 0.0072858646 0.99996614 0.00381923 -0.05371938 0.045062054 -0.004143774 0.9989756 35.131245
0.9988867 -0.005327396 -0.046871424 -0.88430524 0.0054779663 0.9999802 0.0030845443 -0.05331949 0.046854064 -0.0033378706 0.9988962 35.80996
0.99881804 -0.0050744154 -0.048340436 -0.92548805 0.0052835536 0.99997723 0.004199565 -0.052918546 0.048318025 -0.0044500106 0.9988221 36.48044
0.99877274 -0.003721656 -0.049387556 -0.9656662 0.0040245373 0.9999737 0.006034714 -0.051773317 0.049363796 -0.00622607 0.9987615 37.1363
0.9987802 -0.00087576045 -0.049369387 -1.0073457 0.001205179 0.99997723 0.0066431537 -0.05339208 0.049362443 -0.0066945497 0.9987585 37.78084
0.9988366 0.0022755724 -0.04816969 -1.0482978 -0.0020574948 0.9999874 0.004576375 -0.05511708 0.0481795 -0.0044719414 0.9988287 38.40516
0.99891734 0.0037953258 -0.046365403 -1.0845577 -0.0037329025 0.999992 0.0014328443 -0.05421355 0.046370473 -0.0012582154 0.99892354 39.024494
0.99901605 0.004293718 -0.044142388 -1.1162506 -0.004320224 0.9999905 -0.0005050895 -0.0522535 0.044139802 0.0006952975 0.9990251 39.629036
0.99914527 0.0054117204 -0.040980957 -1.14721 -0.0054063466 0.99998534 0.00024195066 -0.051360637 0.04098167 -2.0186579e-05 0.9991599 40.22807
0.9992396 0.010167393 -0.037639733 -1.1812425 -0.010062632 0.9999449 0.0029716555 -0.053846784 0.037667878 -0.0025906411 0.99928695 40.821453
0.9993271 0.014423417 -0.03372316 -1.2111591 -0.014213097 0.99987805 0.0064680944 -0.055502914 0.03381234 -0.0059844316 0.9994103 41.406296
0.9993824 0.019371532 -0.029318273 -1.2383474 -0.01916276 0.9997891 0.007385191 -0.054741133 0.029455153 -0.006818811 0.99954283 41.965534
0.9994476 0.023105938 -0.023887224 -1.2602048 -0.02293098 0.99970835 0.007572504 -0.05213738 0.02405523 -0.0070205634 0.999686 42.507538
0.999478 0.026823439 -0.01800701 -1.2772554 -0.026655052 0.9995993 0.009526964 -0.04870238 0.018255342 -0.009042013 0.99979246 43.03485
0.99943596 0.031600278 -0.011363275 -1.2920533 -0.03147848 0.9994467 0.010742497 -0.047664087 0.011696454 -0.010378739 0.99987775 43.544823
0.99938214 0.034890898 -0.004235628 -1.3016089 -0.034845665 0.9993394 0.01032116 -0.046218585 0.0045929444 -0.010167189 0.9999378 44.037724
0.9992628 0.038267817 0.0030637798 -1.3056003 -0.038297705 0.9992125 0.010377722 -0.046302944 -0.0026642343 -0.010487407 0.99994147 44.504314
0.9990346 0.042631123 0.010606523 -1.3076124 -0.04273625 0.99903744 0.009890519 -0.044681024 -0.010174669 -0.010334253 0.99989486 44.953785
0.99873 0.04698128 0.018196968 -1.3055024 -0.04711833 0.9988635 0.007177186 -0.04372017 -0.017839095 -0.008025482 0.99980867 45.37693
0.9984597 0.0488902 0.026228396 -1.298397 -0.049012754 0.99878997 0.0040498185 -0.043113098 -0.025998661 -0.0053291065 0.9996478 45.78385
0.9982026 0.04932989 0.03403026 -1.2841246 -0.049489446 0.9987672 0.0038619118 -0.04393108 -0.033797797 -0.0055391095 0.9994134 46.16999
0.9979396 0.04861386 0.041872364 -1.265017 -0.048877038 0.9987908 0.0052839997 -0.0444069 -0.041564856 -0.0073197098 0.99910897 46.53242
0.99749017 0.050291445 0.04984087 -1.2467316 -0.050652295 0.9986983 0.0060028047 -0.044577595 -0.049474105 -0.008512293 0.9987391 46.874077
0.99685365 0.053467557 0.058515087 -1.2304283 -0.053920522 0.99852604 0.0061884997 -0.04439197 -0.058097955 -0.009324193 0.99826735 47.186996
0.9960307 0.058181282 0.06736342 -1.2148187 -0.058692306 0.99826026 0.0056302915 -0.045541573 -0.06691864 -0.009561658 0.9977126 47.483227
0.9951542 0.06196322 0.076345816 -1.1960084 -0.06257746 0.998024 0.0056774137 -0.047206175 -0.07584316 -0.010427429 0.99706525 47.755077
0.9944428 0.061288994 0.08559847 -1.1684396 -0.062057935 0.99805236 0.006348772 -0.049355656 -0.08504264 -0.011625554 0.99630946 48.00673
0.993549 0.060181018 0.096118085 -1.1366284 -0.06089714 0.9981338 0.004531794 -0.05137523 -0.09566598 -0.010355877 0.9953596 48.24469
0.9924187 0.058801413 0.107923515 -1.102233 -0.059157018 0.9982487 9.3586896e-05 -0.05376197 -0.107729 -0.006477311 0.9941592 48.48056
0.99084204 0.05968811 0.12111699 -1.0649171 -0.059656218 0.9982114 -0.003892628 -0.055279866 -0.1211327 -0.0033684014 0.9926306 48.721024
0.98871505 0.061471935 0.13661535 -1.0287715 -0.061212175 0.9981061 -0.006105569 -0.057660114 -0.13673194 -0.0023258547 0.99060535 48.957996
0.9862372 0.063064486 0.15283671 -0.9868273 -0.06266325 0.99800694 -0.007445651 -0.059749812 -0.15300165 -0.0022340666 0.98822343 49.192184
0.9834546 0.06350035 0.1696608 -0.9380246 -0.06293017 0.99797964 -0.0087415585 -0.06087286 -0.16987313 -0.0020798568 0.98546374 49.423298
0.98025775 0.06250158 0.18758537 -0.88186145 -0.061730463 0.9980432 -0.009955542 -0.061995093 -0.18784054 -0.0018207345 0.9821978 49.650196
0.9764026 0.061552685 0.20700069 -0.823305 -0.060766626 0.9981003 -0.010159686 -0.066981755 -0.2072328 -0.002658789 0.97828805 49.874092
0.9719064 0.061691348 0.22713897 -0.76058245 -0.060668822 0.9980919 -0.011487289 -0.06776739 -0.22741422 -0.0026156842 0.9737946 50.094975
0.9666286 0.06362637 0.24815471 -0.6931922 -0.06216387 0.9979715 -0.013733061 -0.07003905 -0.24852511 -0.002151487 0.96862304 50.31486
0.96044624 0.064828284 0.27081406 -0.61982745 -0.062904894 0.99789464 -0.015785854 -0.07392381 -0.2712673 -0.0018740651 0.96250224 50.529926
0.95320284 0.06600715 0.29503793 -0.5423545 -0.063901655 0.9978151 -0.01678323 -0.081042536 -0.29550108 -0.0028555882 0.9553381 50.731544
0.94469124 0.06877298 0.32066914 -0.45761406 -0.066628166 0.9976214 -0.017670384 -0.08678059 -0.32112163 -0.0046725404 0.94702643 50.94744
0.93486714 0.07076431 0.3478733 -0.36412808 -0.0685325 0.997473 -0.018732997 -0.09433734 -0.34831986 -0.006327764 0.9373544 51.160038
0.92375994 0.0713525 0.3762664 -0.2603963 -0.068896174 0.99742335 -0.019999437 -0.10302663 -0.3767239 -0.0074486365 0.92629564 51.368877
0.911169 0.06939959 0.4061462 -0.1449285 -0.06619845 0.99756515 -0.021944389 -0.11251497 -0.40668023 -0.006891203 0.9135446 51.568657
0.8963642 0.06644478 0.43831068 -0.018890247 -0.061987843 0.99777645 -0.024487985 -0.121490136 -0.43896317 -0.0052197794 0.8984899 51.766426
0.8791421 0.06565494 0.47201547 0.11874804 -0.0591496 0.9978386 -0.028626453 -0.12994365 -0.47287473 -0.002752806 0.8811254 51.96544
0.8598152 0.06745066 0.5061307 0.2676103 -0.05847867 0.9977224 -0.03362013 -0.13851498 -0.5072456 -0.00069074903 0.86180127 52.165268
0.83812475 0.06924745 0.54106534 0.42581052 -0.05789601 0.99759936 -0.037993804 -0.14734502 -0.54239744 0.00051802077 0.84012187 52.365852
0.81374335 0.07203361 0.5767434 0.60390043 -0.058865078 0.9974022 -0.041518304 -0.1577388 -0.57823586 -0.00016480206 0.8158696 52.573635
0.78659 0.07581472 0.61280364 0.79579735 -0.061549746 0.99711794 -0.044356458 -0.16984224 -0.6144004 -0.0028275633 0.78898937 52.7852
0.75690377 0.08010789 0.648598 1.0093226 -0.06513702 0.99676436 -0.047095783 -0.18429069 -0.65027213 -0.006600768 0.7596727 53.00249
0.7241729 0.08119769 0.68482155 1.2468034 -0.06484454 0.9966619 -0.049601212 -0.19920683 -0.6865631 -0.008487088 0.72702074 53.21646
0.68801254 0.07866283 0.7214228 1.5100291 -0.061162923 0.9968563 -0.050365295 -0.216942 -0.72311676 -0.009472373 0.6906609 53.425446
0.6493593 0.07714906 0.75655836 1.796826 -0.058102027 0.9969661 -0.051794965 -0.23432793 -0.758259 -0.010324035 0.6518717 53.630108
0.6073924 0.07670647 0.79068995 2.10642 -0.056064032 0.9969846 -0.053652253 -0.250561 -0.79242116 -0.0117413 0.6098613 53.83288
0.56170595 0.076384425 0.8238033 2.4384525 -0.052397367 0.99701434 -0.056717973 -0.26874778 -0.8256761 -0.0113063 0.5640312 54.026863
0.51371795 0.07531374 0.85464716 2.7994728 -0.049235996 0.9970859 -0.058270667 -0.2885087 -0.8565452 -0.012144717 0.5159291 54.215202
0.46513498 0.073418625 0.88219 3.184556 -0.04728942 0.9971927 -0.05805615 -0.30893543 -0.88397574 -0.014714304 0.46730113 54.393696
0.41564566 0.071293704 0.90672815 3.58685 -0.047246132 0.99726963 -0.05675504 -0.3316948 -0.9082987 -0.019249411 0.41787913 54.553772
0.3655036 0.07107015 0.9280928 4.011238 -0.050460503 0.99712753 -0.056484126 -0.35335115 -0.92944115 -0.026186876 0.36803994 54.7065
0.31626526 0.071368806 0.94598246 4.453066 -0.04844993 0.99708 -0.05902581 -0.3758766 -0.9474328 -0.02716497 0.3187996 54.834663
0.2691243 0.067878306 0.96071047 4.9191957 -0.037511613 0.9974952 -0.059969153 -0.40670082 -0.9623747 -0.019898646 0.2709964 54.931515
0.22527969 0.06189318 0.9723262 5.4104214 -0.024340361 0.9980262 -0.057889655 -0.4368091 -0.97399 -0.010625409 0.22634155 55.00437
0.18324855 0.060754612 0.98118746 5.9241915 -0.015352986 0.9981436 -0.058937173 -0.46481776 -0.9829467 -0.0042640055 0.18384114 55.066864
0.14484403 0.06238331 0.98748595 6.45209 -0.012101036 0.99804753 -0.06127555 -0.48803493 -0.9893805 -0.0030742052 0.14531612 55.124813
0.11228788 0.062985815 0.99167746 6.9968934 -0.0033304049 0.9980073 -0.06301075 -0.522143 -0.99367017 0.003772656 0.112273894 55.162163
0.08344731 0.061213795 0.9946303 7.5599294 0.0038471224 0.9980843 -0.061749134 -0.55822825 -0.9965048 0.008979264 0.08305194 55.186977
0.0585064 0.059482243 0.99651337 8.128179 0.010898215 0.99812573 -0.06021833 -0.5899514 -0.99822754 0.014383374 0.057748493 55.202133
0.038815547 0.058583897 0.9975276 8.710859 0.015448717 0.9981254 -0.059220143 -0.6163477 -0.999127 0.017709184 0.03783774 55.20831
0.023204999 0.06043013 0.9979027 9.303718 0.018201139 0.9979805 -0.06085809 -0.64473873 -0.999565 0.019575177 0.02205824 55.20959
0.00983358 0.060060065 0.99814636 9.913183 0.018881433 0.99800545 -0.06023761 -0.6799479 -0.9997734 0.019438783 0.008679947 55.211445
-0.0017612337 0.060965843 0.9981383 10.53524 0.019475799 0.99795264 -0.060920138 -0.715167 -0.9998088 0.019332247 -0.0029449863 55.208473
-0.01072693 0.06388889 0.99789935 11.167578 0.024276262 0.9976793 -0.06361384 -0.74934596 -0.99964774 0.023542885 -0.012253018 55.194107
-0.01712572 0.065894514 0.9976796 11.813664 0.028627532 0.9974492 -0.06538789 -0.7832792 -0.9994434 0.02744129 -0.018968433 55.17593
-0.021759667 0.06522591 0.9976332 12.471684 0.029014844 0.9974904 -0.06458372 -0.8191176 -0.9993421 0.027540853 -0.023597578 55.162178
-0.025358045 0.062599644 0.99771655 13.144467 0.026733179 0.997723 -0.0619206 -0.85411084 -0.9993209 0.025101949 -0.026973793 55.153423
-0.027841931 0.055736206 0.99805725 13.835105 0.024752755 0.99817663 -0.055052366 -0.8908523 -0.99930584 0.023171902 -0.029170789 55.14048
-0.029116603 0.050091572 0.9983201 14.533454 0.02592675 0.9984454 -0.049341686 -0.9253283 -0.99923974 0.024446534 -0.03037005 55.122704
-0.02945898 0.047514886 0.99843603 15.24147 0.028642027 0.9984995 -0.046672817 -0.9600701 -0.9991555 0.027222298 -0.0307757 55.100307
-0.029108683 0.049761932 0.99833685 15.948729 0.03193078 0.9982966 -0.04882892 -0.9958313 -0.9990661 0.030456327 -0.030648036 55.07766
-0.02828288 0.05719651 0.99796224 16.664536 0.03294099 0.9978727 -0.05625781 -1.0283241 -0.99905705 0.031282734 -0.030106824 55.05964
-0.02607019 0.065237194 0.99752915 17.382877 0.033620104 0.99736106 -0.06434755 -1.0612009 -0.9990946 0.03185948 -0.028194673 55.044548
-0.023961999 0.06599035 0.9975325 18.124302 0.03431233 0.9972854 -0.06514978 -1.0972558 -0.9991239 0.032666545 -0.026161233 55.032784
-0.021821344 0.06156551 0.9978645 18.880842 0.033689108 0.9975806 -0.06081128 -1.1405604 -0.9991941 0.03229018 -0.023842636 55.022152
-0.019240417 0.055007238 0.99830055 19.639654 0.033219915 0.99796927 -0.05434873 -1.1871185 -0.99926287 0.032117765 -0.02102868 55.01317
-0.016474627 0.05333883 0.99844056 20.395382 0.031408273 0.9981109 -0.05280297 -1.230361 -0.9993709 0.030489385 -0.018118786 55.00966
-0.013117808 0.058661763 0.9981917 21.140432 0.03927161 0.9975376 -0.05810723 -1.2726047 -0.99914247 0.038438357 -0.015389249 54.99326
-0.009684778 0.064287916 0.9978844 21.887312 0.040937748 0.99712 -0.06384136 -1.3133341 -0.99911475 0.040232852 -0.012288689 54.986187
-0.0073548723 0.06496023 0.9978607 22.644691 0.034914296 0.997296 -0.064666115 -1.3540584 -0.99936324 0.034363996 -0.009603025 54.99572
-0.0040977076 0.06146983 0.9981005 23.4001 0.030569311 0.99765015 -0.061316587 -1.3976376 -0.99952424 0.03025999 -0.0059671686 55.007977
0.0006529036 0.057679065 0.99833494 24.154367 0.034744296 0.9977311 -0.057666898 -1.4484646 -0.999396 0.034724094 -0.0013525962 55.005905
0.004180794 0.05873884 0.9982646 24.908272 0.039539665 0.99748296 -0.058858443 -1.4942157 -0.9992093 0.039717123 0.001847757 55.006107
0.007117528 0.06335841 0.99796546 25.660997 0.039294742 0.9972022 -0.063590206 -1.5365351 -0.9992023 0.039667398 0.004607962 55.017124
0.010787535 0.06420154 0.9978787 26.410742 0.035693195 0.997276 -0.06454863 -1.578578 -0.9993046 0.0363138 0.008466593 55.03451
0.014443989 0.06367924 0.99786586 27.160078 0.034974888 0.99732715 -0.06415112 -1.6244473 -0.9992838 0.035826847 0.012178208 55.05274
0.01826867 0.060459957 0.9980034 27.911894 0.03912852 0.99736214 -0.061137363 -1.6725801 -0.9990672 0.040167294 0.015854772 55.063538
0.021994123 0.06094732 0.99789864 28.659603 0.043779053 0.99712396 -0.061864913 -1.72012 -0.9987991 0.045047723 0.019262651 55.074768
0.025579337 0.061808743 0.9977602 29.407368 0.046603233 0.99692786 -0.062951945 -1.7651001 -0.99858594 0.04810912 0.022620268 55.093193
0.028283246 0.061698478 0.997694 30.154364 0.047210544 0.99689704 -0.06298754 -1.8095951 -0.9984845 0.04888317 0.025282666 55.11825
0.03185697 0.060194902 0.99767816 30.901623 0.048621293 0.9969097 -0.06170107 -1.8547565 -0.99830914 0.05047401 0.028831769 55.14366
0.035685115 0.059089117 0.9976147 31.65246 0.050682966 0.9968589 -0.060857303 -1.9028517 -0.99807703 0.05273377 0.03257821 55.169655
0.038586427 0.059461243 0.99748456 32.39705 0.04903145 0.9969129 -0.061323885 -1.9466039 -0.9980516 0.051274385 0.035551835 55.204624
0.04165854 0.061213754 0.99725497 33.145355 0.046341002 0.9969289 -0.06312955 -1.9904587 -0.99805665 0.048843678 0.038693894 55.244526
0.04456291 0.06123126 0.9971283 33.89615 0.047985356 0.9968366 -0.063357875 -2.0351863 -0.99785346 0.05067097 0.041483738 55.279324
0.047256008 0.060950536 0.9970215 34.64459 0.045781344 0.9969556 -0.06311641 -2.0805743 -0.99783313 0.048627615 0.044321742 55.321316
0.049531806 0.06131338 0.9968888 35.394077 0.044081427 0.99700713 -0.0635109 -2.1257384 -0.9977993 0.04709009 0.046680782 55.367725
0.05236846 0.06132308 0.9967432 36.145042 0.0411384 0.997133 -0.06350846 -2.1736586 -0.99778014 0.044330258 0.049695585 55.415726
0.055639435 0.06329847 0.99644244 36.902893 0.03979441 0.9970549 -0.06555942 -2.220364 -0.9976576 0.043300528 0.052956644 55.4646
0.058919646 0.06677084 0.9960272 37.660255 0.038666796 0.99685913 -0.06911393 -2.2703881 -0.9975136 0.042585347 0.056152772 55.51724
0.062359877 0.0688269 0.9956777 38.422417 0.0388334 0.9966966 -0.07132948 -2.3220644 -0.99729794 0.043113645 0.05948109 55.569397
0.06520018 0.07122182 0.9953273 39.19033 0.032643463 0.9967636 -0.07346295 -2.3711793 -0.9973381 0.037280727 0.06266423 55.633724
0.06782474 0.07040059 0.9952103 39.970802 0.029019566 0.99694604 -0.07250109 -2.4242277 -0.9972751 0.03379794 0.065574616 55.700256
0.07148143 0.0709806 0.99491316 40.757267 0.03108204 0.9968218 -0.07334992 -2.4798155 -0.99695754 0.036167085 0.069048025 55.760918
0.0754578 0.072096646 0.9945392 41.544296 0.030406902 0.99675256 -0.07456414 -2.5373428 -0.99668527 0.0358673 0.07302051 55.82563
0.079097636 0.07299258 0.99419093 42.336056 0.026422016 0.9968118 -0.075287126 -2.5915298 -0.99651664 0.032223564 0.07691684 55.901325
0.08338559 0.071125634 0.9939759 43.132042 0.025585115 0.996968 -0.0734861 -2.6444874 -0.9961889 0.031558666 0.08131301 55.97454
0.08814522 0.0708605 0.99358404 43.93014 0.026051693 0.99696136 -0.07341252 -2.7062035 -0.9957669 0.03235551 0.08603134 56.049965
0.09314521 0.07453146 0.992859 44.71246 0.022579053 0.99677974 -0.07694403 -2.7636015 -0.9953965 0.029584786 0.0911624 56.13505
0.0992558 0.083130494 0.9915834 45.490513 0.020836676 0.99611205 -0.085595876 -2.8224034 -0.9948438 0.029157188 0.097137734 56.223698
0.1066425 0.0879519 0.99039984 46.27618 0.019265762 0.99571025 -0.090497956 -2.8843732 -0.99411076 0.028731735 0.10449058 56.315357
0.11378555 0.0908175 0.9893457 47.06182 0.0150309615 0.9955419 -0.09311501 -2.9527082 -0.99339163 0.02546596 0.111913204 56.421684
0.12088541 0.08910003 0.9886596 47.854893 0.011253654 0.9957766 -0.091117434 -3.0232048 -0.9926027 0.022140801 0.11937215 56.532757
0.12848562 0.08734465 0.98785746 48.651337 0.01121726 0.99592215 -0.089516684 -3.0930064 -0.99164796 0.02258266 0.1269819 56.64428
0.13578029 0.08387739 0.987182 49.445408 0.010758274 0.9962262 -0.086125575 -3.161033 -0.9906806 0.02231453 0.1343655 56.762882
0.14325157 0.07843557 0.9865733 50.243603 0.008865446 0.99671286 -0.08052897 -3.2249224 -0.9896466 0.020282313 0.14208531 56.890575
0.15039624 0.07106899 0.986068 51.041073 0.0064201076 0.99732155 -0.072859265 -3.2858973 -0.98860496 0.017288422 0.14953715 57.025383
0.15789181 0.06820027 0.9850984 51.829453 0.0064162784 0.99752015 -0.07008865 -3.350288 -0.9874356 0.01738709 0.15706268 57.16092
0.16503556 0.07013171 0.98379105 52.60626 0.0062147453 0.99737495 -0.07214262 -3.4077551 -0.98626804 0.01802011 0.16416648 57.300056
0.17082016 0.07675271 0.98230827 53.36763 0.006714419 0.9968475 -0.079056345 -3.4650135 -0.9852793 0.020100048 0.16976632 57.440964
0.17593692 0.08034216 0.98111737 54.124756 0.005303463 0.9965721 -0.08255875 -3.5235736 -0.98438716 0.019728454 0.17490774 57.58572
0.18081857 0.08332561 0.97998035 54.87488 0.0039234557 0.99633557 -0.08544019 -3.5875225 -0.98350865 0.019294083 0.17982905 57.735977
0.1862747 0.08282772 0.97900015 55.61852 0.001450314 0.99641585 -0.08457711 -3.6523805 -0.9824966 0.017174434 0.18548696 57.886375
0.19143157 0.07983597 0.97825366 56.364925 0.0054743285 0.99658406 -0.08240319 -3.71442 -0.9814907 0.021129854 0.1903406 58.036674
0.19601114 0.07316558 0.9778683 57.104294 0.0062795635 0.99709845 -0.07586314 -3.7722692 -0.9805816 0.021010606 0.19498296 58.18952
0.19917752 0.06698997 0.977671 57.837383 0.004501553 0.9975877 -0.06927174 -3.8301196 -0.9799531 0.018198412 0.19839548 58.3486
0.2023769 0.063702494 0.97723365 58.557755 0.0009106962 0.99786943 -0.06523627 -3.8837233 -0.9793073 0.014092278 0.20188771 58.510933
0.2056367 0.06376334 0.9765489 59.26455 -0.00061067275 0.99788326 -0.065027766 -3.9340632 -0.9786282 0.012775743 0.20524035 58.667625
0.2077043 0.065997906 0.9759627 59.963234 -0.002491424 0.9977538 -0.06694127 -3.9822414 -0.9781885 0.011472452 0.20740218 58.825924
0.20906778 0.07033028 0.9753688 60.64955 -0.0065297703 0.9974886 -0.07052561 -4.032381 -0.97787935 0.008375699 0.20900197 58.98685
0.21096048 0.074417256 0.9746578 61.3198 -0.0077572344 0.99719393 -0.07445893 -4.0841665 -0.9774638 0.008147242 0.21094577 59.14323
0.21302034 0.079878084 0.9737771 61.986416 -0.008365551 0.9967651 -0.07993375 -4.135601 -0.977012 0.008881332 0.21299946 59.296425
0.21459398 0.08191006 0.97326267 62.6439 -0.0075378404 0.99658644 -0.08221098 -4.1868134 -0.97667426 0.010305684 0.21447888 59.44794
0.21582906 0.08188771 0.97299135 63.29499 -0.010116735 0.99661124 -0.081631474 -4.239658 -0.97637874 0.00777495 0.21592611 59.60482
0.21636403 0.078945875 0.9731157 63.93029 -0.010032675 0.9968525 -0.07864089 -4.2930293 -0.9762612 0.007252106 0.21647507 59.753773
0.21700981 0.07637447 0.97317713 64.55735 -0.009969888 0.99705607 -0.07602528 -4.345959 -0.9761185 0.0067957644 0.21713239 59.900135
0.21683463 0.075197846 0.9733078 65.170746 -0.009112843 0.99714124 -0.075009055 -4.3948655 -0.97616583 0.0073949583 0.2169 60.040092
0.21535526 0.07448278 0.9736911 65.77553 -0.009460112 0.99719936 -0.07418872 -4.4432063 -0.97648996 0.006765704 0.21545674 60.18115
0.21365175 0.07538916 0.97399664 66.366 -0.010627588 0.99713826 -0.07484914 -4.490365 -0.97685206 0.0056404155 0.21384153 60.31796
0.2114149 0.078170925 0.9742654 66.94156 -0.01140556 0.996926 -0.07751412 -4.5390863 -0.97732985 0.0052755973 0.2116566 60.44873
0.20917135 0.08195742 0.9744385 67.50726 -0.009586174 0.99660563 -0.081764095 -4.5875363 -0.977832 0.0077615683 0.209247 60.573456
0.20746163 0.08250481 0.97475773 68.073586 -0.0074037174 0.99654096 -0.0827728 -4.633251 -0.97821516 0.009955349 0.20735484 60.69465
0.2052226 0.08147452 0.9753182 68.61957 -0.0082261 0.9966374 -0.08152454 -4.6754766 -0.97868073 0.008707614 0.20520274 60.813396
0.20280142 0.07853036 0.9760659 69.16093 -0.008504569 0.9968827 -0.07843816 -4.7201114 -0.97918296 0.0076063517 0.2028371 60.93012
0.20078854 0.07452808 0.97679555 69.69408 -0.008093865 0.9971941 -0.074420705 -4.7673182 -0.97960114 0.007036773 0.20082837 61.041893
0.1988729 0.07342848 0.9772706 70.21225 -0.0047019827 0.9972492 -0.073972754 -4.8138866 -0.980014 0.010116066 0.19867109 61.14666
0.19720674 0.07485515 0.97749996 70.71971 -0.0009955362 0.9970955 -0.07615489 -4.852999 -0.9803614 0.01404512 0.19670847 61.24649
0.19474226 0.0768754 0.9778372 71.22152 0.003037656 0.9968718 -0.07897683 -4.8903847 -0.98084974 0.01835046 0.19389956 61.344093
0.19313426 0.07871875 0.97800946 71.72268 0.0024440656 0.99673474 -0.08070857 -4.9295125 -0.9811693 0.01797791 0.19231123 61.445053
0.19189195 0.081187904 0.97805214 72.2209 0.0020288832 0.99653745 -0.08312043 -4.971124 -0.98141396 0.017934494 0.1910628 61.54718
0.19066235 0.07950477 0.9784308 72.724434 0.003740181 0.9966488 -0.08171395 -5.0138583 -0.98164856 0.019239282 0.18972604 61.647415
0.1914758 0.0777744 0.978411 73.22534 0.009768726 0.9966551 -0.08113638 -5.0538297 -0.9814487 0.025093483 0.19007558 61.7401
0.19385421 0.07586559 0.9780925 73.72798 0.014589674 0.99667215 -0.08019834 -5.0913 -0.98092186 0.029816838 0.19210225 61.833202
0.19589362 0.07508758 0.9777461 74.23172 0.017409705 0.9966407 -0.080026686 -5.1311407 -0.9804706 0.03269899 0.19392829 61.93402
0.1992707 0.07480035 0.97708553 74.73855 0.014744458 0.99674076 -0.07931209 -5.1734567 -0.97983354 0.030211171 0.19751833 62.046772
0.20458615 0.075330965 0.9759456 75.24777 0.0135840615 0.9967198 -0.07978209 -5.21568 -0.9787543 0.029579615 0.20289175 62.162224
0.21119668 0.074225016 0.97462124 75.76152 0.014815406 0.9967549 -0.079121105 -5.2530255 -0.9773313 0.031149525 0.20941165 62.277855
0.21888095 0.07449459 0.9729037 76.27855 0.012935118 0.9967722 -0.07923229 -5.2900457 -0.9756658 0.029927064 0.21721086 62.402187
0.22721912 0.07235862 0.97115177 76.803406 0.013419573 0.9969084 -0.07741746 -5.3290524 -0.9737512 0.03062317 0.22554563 62.53523
0.23613189 0.07207189 0.96904457 77.32967 0.009883296 0.99701595 -0.07656054 -5.3714147 -0.97167075 0.02765574 0.23471496 62.67608
0.2458235 0.07180979 0.966651 77.864 0.0088951625 0.99704295 -0.0763296 -5.4113693 -0.9692738 0.027362127 0.24445783 62.82249
0.25534928 0.07579576 0.9638733 78.396515 0.0034462146 0.9968447 -0.0793015 -5.4499373 -0.9668427 0.023571294 0.25428236 62.979507
0.2646654 0.078057766 0.961176 78.93638 0.00014355971 0.9967154 -0.08098348 -5.48866 -0.96434027 0.021571511 0.2637849 63.14445
0.27536345 0.08090258 0.9579299 79.48866 -0.0040534385 0.99654144 -0.08299835 -5.53089 -0.96133167 0.0189718 0.27473903 63.318787
0.28563005 0.08264156 0.95477 80.04756 -0.005365066 0.9963972 -0.08463964 -5.576446 -0.95832497 0.019053219 0.28504434 63.499195
0.29542568 0.08344115 0.9517149 80.61318 -0.008431978 0.9963675 -0.08473865 -5.621579 -0.9553285 0.017009135 0.29505613 63.691814
0.3057345 0.08386195 0.94841635 81.18542 -0.0091791125 0.99632674 -0.085139334 -5.6662817 -0.95207256 0.01732441 0.30538124 63.889084
0.31591332 0.08492969 0.9449792 81.76614 -0.013313475 0.9962843 -0.08508993 -5.7096457 -0.94869465 0.014300086 0.31587023 64.09878
0.32656646 0.07993303 0.9417882 82.360275 -0.012666963 0.9966982 -0.080201164 -5.755273 -0.94508934 0.014261412 0.3265007 64.31296
0.33730972 0.072919935 0.9385653 82.96867 -0.009149659 0.99720234 -0.07418734 -5.801155 -0.94134927 0.016436556 0.33703324 64.5379
0.3481784 0.06842083 0.934928 83.57656 -0.0074192057 0.99750274 -0.07023723 -5.8480606 -0.9373989 0.017518662 0.34781653 64.77106
0.3583211 0.0651832 0.93132013 84.189186 -0.00803405 0.997738 -0.06674073 -5.8896756 -0.9335638 0.01643234 0.35803428 65.01814
0.36780086 0.06280138 0.9277815 84.81134 -0.0019225734 0.99776614 -0.06677646 -5.9276047 -0.9299026 0.022776714 0.3671 65.26649
0.3764382 0.057235416 0.92467207 85.445274 0.0047964384 0.99795604 -0.063724205 -5.964461 -0.92642933 0.028423358 0.37539423 65.523094
0.38344705 0.04757755 0.9223366 86.08666 0.01451842 0.99823827 -0.057528652 -6.00243 -0.92344874 0.035450064 0.3820808 65.78345
0.39055613 0.043161914 0.9195667 86.728226 0.019870622 0.9982723 -0.055295534 -6.0407853 -0.9203646 0.039868373 0.38902372 66.054695
0.39778277 0.043135047 0.91646504 87.3617 0.021882027 0.998164 -0.056478035 -6.083392 -0.9172186 0.042520102 0.39610857 66.33191
0.40524444 0.049311183 0.9128775 87.99783 0.024157854 0.99761796 -0.06461278 -6.121249 -0.9138891 0.048237134 0.40308788 66.61715
0.4124967 0.05358515 0.90938175 88.62919 0.027899202 0.997057 -0.07140651 -6.1600027 -0.91053176 0.054825976 0.40978774 66.901695
0.41790727 0.055635773 0.90678453 89.25714 0.026104704 0.99697554 -0.07320025 -6.2061048 -0.90811455 0.054262254 0.41519096 67.196976
0.42223996 0.057393618 0.90466535 89.881454 0.018896097 0.9972195 -0.07208491 -6.2568336 -0.90628713 0.047531776 0.4199814 67.5065
0.42623612 0.061082445 0.90254736 90.49535 0.012278719 0.9972351 -0.07328945 -6.309096 -0.9045286 0.042320736 0.42430764 67.814735
0.4303536 0.064143844 0.90037847 91.10024 0.011546997 0.99699914 -0.07654632 -6.3598394 -0.9025865 0.04333865 0.4283215 68.112
0.43439293 0.06831879 0.8981288 91.69159 0.00826156 0.9967752 -0.07981844 -6.410981 -0.9006856 0.042092513 0.43242767 68.40806
0.43784735 0.07141262 0.89620864 92.27608 0.005114521 0.9966264 -0.081912935 -6.462691 -0.8990348 0.04044904 0.436005 68.70623
0.44175777 0.069872394 0.89440924 92.85419 0.004013812 0.9967985 -0.07985363 -6.5147552 -0.89712536 0.038865954 0.44006303 69.00083
0.44582716 0.06673037 0.89262825 93.427124 0.005080938 0.9970126 -0.07707155 -6.5655947 -0.89510465 0.038895976 0.44415623 69.29088
0.44924054 0.06413197 0.89110607 93.98732 0.0045825825 0.99724174 -0.0740807 -6.616226 -0.8933991 0.03736362 0.4477075 69.58109
0.4527349 0.06314749 0.88940626 94.53436 0.003563732 0.9973529 -0.072625704 -6.665713 -0.89163804 0.036049794 0.4513114 69.8696
0.45614198 0.064912006 0.88753647 95.07018 0.0015707042 0.9972759 -0.0737453 -6.7107353 -0.88990563 0.035032388 0.45479742 70.15392
0.45894215 0.065453716 0.8860519 95.598625 0.0024804063 0.99718434 -0.07494796 -6.754927 -0.8884627 0.036594547 0.45748758 70.43082
0.46104455 0.063575804 0.8850966 96.12482 0.00457475 0.9972467 -0.07401443 -6.7997947 -0.8873652 0.038173046 0.4594843 70.709114
0.46276876 0.062385965 0.8842811 96.64212 0.0065480485 0.9972528 -0.07378289 -6.844739 -0.8864548 0.039934732 0.46108896 70.98239
0.46462244 0.062305547 0.8833142 97.14914 0.0052254177 0.9973113 -0.07309502 -6.8901544 -0.88549346 0.038577273 0.46304762 71.255974
0.46653444 0.061684124 0.88234955 97.6509 0.006655215 0.9972922 -0.07323854 -6.932978 -0.884478 0.040040523 0.46486065 71.5265
0.46920615 0.06338702 0.8808108 98.13943 0.0063583218 0.9971522 -0.075146526 -6.9728794 -0.88306576 0.040859688 0.46746692 71.79011
0.47204202 0.06324366 0.8793046 98.61941 0.009380569 0.9970066 -0.07674515 -7.0159183 -0.8815261 0.044475317 0.47003576 72.048515
0.47510725 0.062553495 0.87770164 99.092354 0.011193942 0.99695957 -0.07711234 -7.0581136 -0.8798567 0.046461575 0.4729625 72.30572
0.47830334 0.06075122 0.8760909 99.55863 0.014259326 0.9969356 -0.07691592 -7.099362 -0.87807894 0.04928161 0.47597137 72.55992
0.48161924 0.05975764 0.8743409 100.017746 0.015735386 0.9969221 -0.0768032 -7.140104 -0.8762393 0.050747987 0.47919655 72.81549
0.48482698 0.05931519 0.87259644 100.46449 0.016799469 0.996882 -0.07709759 -7.1805916 -0.8744487 0.052038148 0.48231882 73.06781
0.4882583 0.058522288 0.87073475 100.9041 0.017392512 0.9968983 -0.0767545 -7.221003 -0.8725258 0.052620288 0.48572603 73.31783
0.4917217 0.05800161 0.8688185 101.33828 0.019043552 0.996824 -0.07732516 -7.2589974 -0.87054414 0.054567847 0.48905545 73.56531
0.49567717 0.059283454 0.8664812 101.76969 0.018535206 0.99671835 -0.07879731 -7.2984223 -0.868309 0.055118434 0.4929517 73.81701
0.49995944 0.05947101 0.8640045 102.19499 0.020494869 0.99654764 -0.080453634 -7.3376637 -0.8658063 0.05793121 0.49701455 74.06548
0.5046749 0.06278474 0.8610234 102.61574 0.018402928 0.99634296 -0.08343865 -7.3791585 -0.8631133 0.057954747 0.5016739 74.31971
0.5099792 0.06867339 0.85744107 103.02936 0.01484813 0.9959567 -0.08859847 -7.420951 -0.8600586 0.057914767 0.5068975 74.579025
0.5157527 0.07572944 0.85338396 103.43901 0.009555104 0.9955153 -0.09411694 -7.4637737 -0.8566842 0.056695234 0.51271605 74.84301
0.52180827 0.08202663 0.84910995 103.84987 0.00446955 0.99508977 -0.098875426 -7.505897 -0.85305107 0.055389155 0.5188795 75.11044
0.5280581 0.08657184 0.84478396 104.261505 0.0007595698 0.99474156 -0.102414005 -7.5497184 -0.8492079 0.054722216 0.52521557 75.383606
0.5334587 0.08695603 0.8413444 104.67704 -0.0035036628 0.9949201 -0.10060713 -7.594319 -0.8458189 0.05072196 0.5310534 75.66374
0.5387971 0.08620748 0.8380131 105.09724 -0.010089418 0.9953394 -0.09590489 -7.640568 -0.84237516 0.043218207 0.53715575 75.95458
0.5444634 0.083911866 0.8345768 105.52148 -0.016280456 0.9958532 -0.08950619 -7.6861496 -0.83862656 0.035145555 0.54357177 76.25269
0.5502247 0.082242705 0.83095664 105.94787 -0.022625597 0.99624085 -0.08361974 -7.730939 -0.83471 0.02720876 0.5500171 76.55557
0.55631626 0.080333725 0.82707846 106.3819 -0.025296027 0.99649197 -0.07977396 -7.7743626 -0.83058554 0.02345775 0.5563968 76.861084
0.56252867 0.08404265 0.82249516 106.81351 -0.030428676 0.9962506 -0.08098594 -7.8138733 -0.82621765 0.020529473 0.56297684 77.175415
0.5686053 0.08799003 0.81789106 107.24724 -0.034292746 0.995934 -0.08330355 -7.85375 -0.8218954 0.019319106 0.5693107 77.49597
0.57458574 0.09143026 0.8133214 107.692116 -0.03724181 0.99563205 -0.08561472 -7.8945875 -0.8175966 0.018903438 0.575481 77.829765
0.5807957 0.09364742 0.8086449 108.14216 -0.039622772 0.99543566 -0.08682086 -7.935971 -0.8130845 0.018384432 0.5818553 78.16963
0.5870725 0.09474669 0.80397075 108.59673 -0.042656876 0.99536824 -0.08615384 -7.975147 -0.8084097 0.016283672 0.58839494 78.520485
0.59315354 0.09704368 0.79921925 109.06066 -0.048907153 0.99521863 -0.08454529 -8.019807 -0.8036025 0.011060799 0.59506357 78.89043
0.6001583 0.095014244 0.79421806 109.53396 -0.04923551 0.9954253 -0.08187988 -8.064744 -0.7983645 0.010037153 0.6020908 79.26521
0.6076119 0.09308249 0.78876066 110.01546 -0.049534317 0.9956165 -0.07933562 -8.10841 -0.7926879 0.009134549 0.60955924 79.65041
0.6148679 0.093467936 0.78307164 110.49558 -0.050300375 0.995578 -0.07933697 -8.147222 -0.7870243 0.0093929665 0.61685044 80.04879
0.6222999 0.095961995 0.7768746 110.97937 -0.05508055 0.99536526 -0.078829475 -8.190888 -0.7808386 0.0062648915 0.6247014 80.46044
0.6300496 0.09667583 0.77051365 111.46946 -0.055853907 0.99529225 -0.07920686 -8.232245 -0.77454364 0.0068680546 0.6324832 80.88027
0.63679975 0.09762039 0.7648244 111.97032 -0.058011953 0.995207 -0.07872461 -8.27496 -0.7688437 0.005762856 0.63941073 81.31364
0.64181376 0.09659034 0.7607532 112.46754 -0.058004748 0.99530864 -0.07743504 -8.321063 -0.7646637 0.005571573 0.6444055 81.75398
0.64551437 0.09524719 0.7577857 112.972786 -0.056903876 0.9954334 -0.0766443 -8.367746 -0.76162535 0.006354057 0.6479865 82.2001
0.6491888 0.092622556 0.75496686 113.4872 -0.05332199 0.9956581 -0.07630051 -8.413898 -0.758756 0.009277102 0.6513089 82.65203
0.6527253 0.088783756 0.75237435 114.0159 -0.047911216 0.995959 -0.07596234 -8.461047 -0.7560782 0.013535366 0.6543413 83.11704
0.6564964 0.082340874 0.7498216 114.55031 -0.04007956 0.9964279 -0.07433055 -8.5095215 -0.75326365 0.018745223 0.6574515 83.5842
0.66033703 0.07650955 0.7470618 115.09296 -0.034231186 0.99682915 -0.07183186 -8.556484 -0.7501888 0.021860423 0.6608622 84.062294
0.66354877 0.07098777 0.74475753 115.63324 -0.028674664 0.99716985 -0.0694989 -8.603915 -0.7475833 0.024760233 0.66370636 84.54645
0.66685647 0.06947505 0.7419405 116.16457 -0.02839887 0.99729055 -0.06786102 -8.650055 -0.7446449 0.024183288 0.66702265 85.034584
0.6697846 0.07110888 0.73914284 116.6951 -0.029227383 0.99715745 -0.06944624 -8.695029 -0.74198 0.024910815 0.66995907 85.52846
0.6729 0.07584309 0.73583513 117.221085 -0.034759656 0.9968732 -0.07096178 -8.739677 -0.7389163 0.02217281 0.6734323 86.0317
0.67566156 0.07960714 0.7329012 117.74824 -0.041163437 0.99667555 -0.07030952 -8.783453 -0.7360619 0.01733671 0.67669225 86.54117
0.6785391 0.07639141 0.73058134 118.28648 -0.04122797 0.99697053 -0.065954596 -8.828745 -0.7334064 0.014632385 0.6796329 87.056244
0.68186307 0.07388322 0.727739 118.82093 -0.04452716 0.99723333 -0.059523243 -8.870268 -0.73012334 0.008182548 0.68326634 87.57669
0.685319 0.06825443 0.7250374 119.35573 -0.043734867 0.99765855 -0.05257975 -8.909756 -0.72692853 0.0043244883 0.6866995 88.097145
0.6897951 0.06424637 0.7211485 119.89469 -0.041607928 0.9979266 -0.0491053 -8.9467325 -0.72280806 0.003867101 0.691038 88.62289
0.69442225 0.061024673 0.7169754 120.4255 -0.03566808 0.9980917 -0.050405517 -8.982398 -0.7186832 0.009429576 0.6952737 89.13909
0.6996351 0.05767903 0.71216846 120.95552 -0.025035633 0.9981032 -0.05624206 -9.019458 -0.7140616 0.021519331 0.6997521 89.65344
0.7048829 0.059133865 0.70685446 121.47899 -0.01923582 0.99774605 -0.06428704 -9.058729 -0.7090628 0.031717908 0.70443165 90.17479
0.71040976 0.05941858 0.7012756 121.99908 -0.01620336 0.99754643 -0.06810699 -9.100544 -0.7036018 0.037020847 0.7096295 90.70518
0.7161884 0.05508318 0.69572985 122.51713 -0.013844427 0.9978056 -0.06474796 -9.144406 -0.6977697 0.036739755 0.71537936 91.24455
0.7220097 0.049498174 0.6901101 123.03725 -0.0092764255 0.99804056 -0.06187928 -9.191935 -0.69182074 0.038275685 0.72105414 91.78859
0.72725385 0.04625347 0.6848083 123.551605 -0.0047297664 0.99804085 -0.062386964 -9.237718 -0.68635225 0.042132176 0.7260478 92.33801
0.73177826 0.048238713 0.67983353 124.05672 -0.0024756824 0.99767363 -0.06812674 -9.281257 -0.6815383 0.048170615 0.7301953 92.88678
